20
0 1 65
0 2 2
0 3 70
0 4 42
0 5 68
0 7 61
0 8 76
0 9 77
0 10 40
0 13 42
0 16 18
0 17 96
0 18 39
1 3 68
1 4 36
1 5 25
1 6 50
1 7 7
1 9 91
1 10 52
1 11 8
1 14 8
1 15 5
2 3 20
2 6 34
2 11 70
2 13 67
2 14 74
2 15 17
2 16 87
2 17 6
2 18 83
3 4 46
3 7 13
3 13 59
3 15 64
3 19 15
4 5 76
4 6 53
4 7 52
4 8 98
4 10 25
4 12 44
4 15 86
4 17 56
5 6 93
5 8 74
5 11 54
5 12 88
5 18 4
5 19 12
6 7 79
6 9 88
6 10 57
6 12 65
6 13 54
6 14 34
6 15 66
6 16 65
6 19 38
7 8 78
7 9 64
7 10 9
7 12 18
7 13 72
7 14 76
7 17 54
7 19 84
8 12 98
8 17 79
8 19 95
9 10 12
9 11 91
9 15 76
9 17 12
10 12 64
10 15 63
10 16 36
11 17 33
11 19 73
12 13 21
12 15 30
12 16 75
12 17 51
12 18 69
13 14 43
13 16 1
13 17 48
13 19 24
14 15 52
14 16 85
14 17 24
14 19 56
15 16 64
15 17 32
15 18 34
15 19 52
16 19 18
17 19 1
18 19 11
